1,2
1,3
2,6
3,4
6,5
4,5
10,9
10,11
9,14
14,13
11,12
12,13
7,8
15,16
15,17
18,19
18,20
27,26
25,24
25,26
21,22
22,23
28,29
28,30
31,32
32,40
40,39
33,34
33,38
34,35
38,37
35,36
36,37
41,42
41,43
44,45
44,46
45,49
46,47
49,48
47,48
56,57
59,58
57,58
50,51
50,55
51,52
55,54
52,53
53,54
60,61
60,62
63,64
63,65
65,73
68,67
68,69
66,67
70,71
70,72
74,75
74,76
75,83
76,81
83,82
81,82
77,78
77,99
99,100
99,101
79,80
79,96
96,97
96,98
89,88
87,86
87,88
86,90
90,91
90,92
84,85
84,93
93,94
93,95
102,103
102,104
102,108
104,105
108,107
105,106
106,107
112,113
112,117
113,114
117,116
114,115
115,116
109,110
109,111
118,119
118,120
121,122
122,123
123,124
127,126
125,126
125,130
126,128
130,129
128,129
134,133
131,132
132,133
135,136
135,137
138,139
138,140
146,145
146,147
147,148
147,149
141,142
144,143
142,143
150,151
150,152
152,153
156,155
154,155
154,159
155,157
159,158
157,158
163,162
160,161
161,162
164,165
164,166
167,168
167,169
168,172
169,170
172,171
170,171
176,175
176,177
175,180
180,179
177,178
178,179
173,174
174,181
181,182
181,183
184,185
185,193
186,187
186,191
187,188
191,190
188,189
189,190
201,202
201,203
199,198
192,197
197,198
194,195
195,196
196,200
204,205
204,206
205,209
206,207
209,208
207,208
207,216
210,211
210,215
211,212
215,214
212,213
213,214
214,219
223,224
223,225
217,218
218,220
220,221
220,222
226,227
226,235
235,234
228,229
228,233
229,230
233,232
230,231
231,232
236,237
236,238
239,240
239,241
240,252
241,250
252,251
250,251
242,243
243,244
244,249
245,246
246,247
247,248
248,254
254,253
255,256
255,257
258,259
258,260
259,263
260,261
263,262
261,262
270,271
273,272
271,272
264,265
264,269
265,266
269,268
266,267
267,268
277,278
277,279
274,275
274,276
280,281
281,285
282,283
282,290
284,286
287,288
287,289
291,292
291,293
292,296
293,294
296,295
294,295
303,304
297,298
297,302
298,299
302,301
299,300
300,301
305,306
305,307
308,309
309,317
317,316
310,311
310,315
311,312
315,314
312,313
313,314
318,319
318,320
321,322
322,326
326,325
326,327
327,328
323,324
323,331
324,329
331,330
329,330
330,335
332,333
333,334
334,336
336,337
336,338
339,340
339,341
340,344
341,342
344,343
342,343
348,349
348,353
349,350
353,352
350,351
351,352
345,346
345,347
354,355
354,356
357,358
358,362
362,361
359,368
368,369
369,370
360,366
363,364
363,365
367,372
372,371
371,373
374,375
374,376
375,379
376,377
379,378
377,378
383,382
383,384
380,381
381,382
391,390
391,392
385,386
385,390
386,387
390,389
387,388
388,389
389,393
393,392
394,395
394,396
397,398
398,414
414,413
399,400
399,416
400,401
416,417
401,402
402,417
403,404
404,405
405,418
406,407
406,421
421,422
421,423
408,409
408,419
409,410
419,420
410,411
411,412
411,420
420,415
424,425
425,429
429,428
426,435
435,436
436,437
427,433
430,431
430,432
434,439
439,438
438,440
441,442
442,446
446,445
443,444
443,453
450,451
450,452
447,448
447,449
454,455
454,456
455,459
456,457
459,458
457,458
471,470
471,472
470,469
469,468
468,473
473,472
460,461
461,462
462,463
463,464
465,466
466,467
467,474
474,475
474,476
477,478
478,482
482,481
479,488
488,489
489,490
480,486
483,484
483,485
487,492
492,491
491,493
494,495
494,496
495,499
496,497
499,498
497,498
506,505
506,507
505,510
510,509
507,508
508,509
503,504
500,501
500,502
514,515
514,516
511,512
511,513
517,518
517,519
518,534
519,520
534,533
520,533
533,532
521,522
522,531
531,530
529,530
523,524
523,528
524,525
528,527
525,526
526,527
536,535
536,537
537,538
537,539
540,541
540,542
541,545
542,543
545,544
543,544
552,551
552,553
551,550
549,550
550,555
555,554
553,554
546,547
547,548
559,560
559,561
556,557
556,558
562,563
562,564
563,567
564,565
567,566
565,566
583,584
583,585
580,581
580,582
568,569
568,573
569,570
573,572
570,571
571,572
577,578
577,579
574,575
574,576
586,587
587,591
591,590
588,589
588,601
589,599
601,600
599,600
600,605
592,593
593,594
593,595
595,596
595,597
595,598
602,603
603,604
604,606
606,607
606,608
609,610
610,618
611,612
612,617
617,616
613,614
614,615
619,620
619,621
622,623
623,627
627,628
624,625
624,631
625,626
625,629
631,630
629,630
635,634
632,633
633,634
636,637
636,638
639,640
639,641
641,642
649,648
649,650
650,651
650,652
643,644
644,645
647,646
653,654
653,655
654,658
655,656
658,657
656,657
659,660
660,661
661,666
666,665
662,663
663,664
664,667
667,668
667,669
670,671
670,672
671,675
672,673
675,674
673,674
676,677
676,681
677,678
681,680
678,679
679,680
682,683
682,684
685,686
685,687
688,689
689,690
689,694
690,691
694,693
691,692
692,693
696,695
695,697
697,698
697,699
700,701
700,702
701,705
702,703
705,704
703,704
709,708
706,707
707,708
710,711
710,712
713,714
714,718
718,717
715,724
724,725
725,726
716,722
719,720
719,721
723,728
728,727
727,729
730,731
730,739
732,733
733,738
738,737
734,735
735,736
740,741
740,742
743,744
743,745
744,748
745,746
748,747
746,747
755,756
758,757
756,757
749,750
749,754
750,751
754,753
751,752
752,753
759,760
759,761
762,763
762,764
763,767
764,765
767,766
765,766
771,770
771,772
770,775
775,774
772,773
773,774
768,769
776,777
776,778
779,780
779,781
780,784
781,782
784,783
782,783
788,789
788,790
785,786
785,787
791,792
791,793
792,800
793,794
793,798
800,799
798,799
795,796
795,813
796,810
813,812
810,811
811,812
797,806
806,805
804,803
801,802
802,803
803,807
807,808
807,809
814,815
814,816
816,817
833,834
833,835
819,818
819,820
818,823
823,822
820,821
821,822
822,827
832,831
824,831
825,826
826,828
828,829
828,830
836,837
837,849
838,839
839,840
840,841
848,847
846,845
846,847
842,843
843,844
843,850
850,851
850,852
853,854
853,855
855,869
858,857
858,859
859,860
859,861
856,862
863,864
863,868
864,865
868,867
865,866
866,867
870,871
870,872
873,874
873,875
874,885
875,876
885,884
876,884
880,879
877,878
878,879
881,882
881,883
886,887
886,888
889,890
890,898
898,897
898,899
897,902
902,901
899,900
900,901
891,892
891,896
892,893
896,895
893,894
894,895
912,913
912,914
904,903
904,905
903,908
908,907
905,906
906,907
909,910
909,911
915,916
915,917
916,928
917,926
928,927
926,927
918,919
919,920
920,925
921,922
921,938
938,939
938,940
923,924
923,935
935,936
935,937
930,929
930,931
929,934
934,933
931,932
932,933
941,942
942,946
946,945
943,944
943,952
944,950
952,951
950,951
951,956
947,948
947,949
953,954
954,955
955,957
957,958
957,959
960,961
960,962
962,976
965,964
965,966
966,967
966,968
963,969
970,971
970,975
971,972
975,974
972,973
972,978
973,974
973,977
979,980
979,981
989,988
989,990
990,991
990,992
982,983
983,984
986,985
986,987
993,994
993,995
994,998
995,996
998,997
996,997
996,1006
999,1000
1000,1001
1000,1005
1001,1002
1005,1004
1002,1003
1003,1004
1007,1008
1007,1009
1010,1011
1010,1012
1011,1015
1012,1013
1015,1014
1013,1014
1028,1029
1028,1030
1016,1017
1016,1021
1017,1018
1021,1020
1018,1019
1019,1020
1025,1026
1025,1027
1022,1023
1022,1024
1031,1032
1032,1040
1040,1041
1033,1034
1033,1049
1034,1035
1049,1048
1035,1047
1047,1048
1039,1038
1036,1037
1037,1038
1043,1042
1043,1044
1044,1045
1044,1046
1053,1052
1050,1051
1050,1055
1051,1052
1051,1054
1056,1057
1056,1058
1061,1060
1059,1060
1059,1065
1060,1062
1065,1064
1062,1063
1063,1064
1064,1069
1066,1067
1066,1075
1067,1068
1067,1073
1075,1074
1068,1070
1073,1072
1073,1074
1070,1071
1071,1072
1076,1077
1076,1078
1079,1080
1079,1081
1081,1082
1088,1087
1087,1089
1089,1090
1089,1091
1086,1085
1085,1092
1092,1093
1092,1094
1083,1084
1083,1095
1095,1096
1095,1097
1098,1099
1099,1103
1103,1102
1100,1109
1109,1110
1110,1111
1101,1107
1104,1105
1104,1106
1108,1113
1113,1112
1112,1114
1115,1116
1115,1117
1117,1125
1120,1119
1118,1119
1118,1124
1121,1122
1121,1123
1126,1127
1126,1128
1127,1130
1128,1129
1130,1129
1146,1147
1146,1148
1131,1132
1132,1133
1133,1134
1133,1135
1135,1136
1137,1138
1138,1139
1138,1142
1139,1140
1142,1141
1140,1141
1143,1144
1143,1145
1149,1150
1149,1151
1150,1154
1151,1152
1154,1153
1152,1153
1161,1160
1161,1162
1158,1159
1158,1160
1160,1165
1155,1156
1155,1157
1163,1164
1164,1166
1166,1167
1166,1168
1169,1170
1169,1171
1170,1174
1171,1172
1174,1173
1172,1173
1178,1177
1178,1179
1179,1180
1179,1181
1175,1176
1176,1182
1182,1183
1182,1184
1185,1186
1185,1187
1186,1190
1187,1188
1190,1189
1188,1189
1194,1195
1194,1199
1195,1196
1199,1198
1196,1197
1197,1198
1197,1200
1191,1192
1191,1193
1201,1202
1201,1203
1202,1206
1203,1204
1206,1205
1204,1205
1213,1212
1207,1208
1207,1212
1208,1209
1212,1211
1209,1210
1210,1211
1216,1215
1215,1217
1214,1218
1218,1219
1218,1220
1221,1222
1221,1223
1222,1226
1223,1224
1226,1225
1224,1225
1238,1237
1238,1239
1237,1236
1236,1235
1235,1240
1240,1239
1227,1228
1228,1229
1229,1230
1231,1232
1232,1233
1232,1241
1233,1234
1241,1242
1241,1243
1244,1245
1244,1246
1246,1259
1249,1248
1248,1250
1250,1251
1250,1252
1247,1253
1253,1254
1253,1258
1254,1255
1258,1257
1255,1256
1256,1257
1260,1261
1260,1262
1263,1264
1263,1265
1265,1276
1268,1267
1268,1269
1269,1270
1269,1271
1266,1272
1272,1273
1272,1274
1274,1275
1277,1278
1278,1286
1286,1285
1286,1287
1285,1290
1290,1289
1287,1288
1288,1289
1279,1280
1279,1284
1280,1281
1284,1283
1281,1282
1282,1283
1300,1301
1300,1302
1292,1291
1292,1293
1291,1296
1296,1295
1293,1294
1294,1295
1297,1298
1297,1299
1303,1304
1303,1305
1304,1308
1305,1306
1308,1307
1306,1307
1311,1310
1311,1312
1309,1310
1310,1315
1315,1314
1312,1313
1313,1314
1316,1317
1316,1318
1319,1320
1319,1321
1320,1324
1321,1322
1324,1323
1322,1323
1332,1333
1332,1334
1325,1326
1325,1330
1326,1327
1330,1329
1327,1328
1328,1329
1329,1331
1335,1336
1335,1337
1336,1344
1337,1342
1344,1343
1342,1343
1338,1339
1339,1340
1340,1341
1346,1345
1346,1347
1345,1354
1348,1349
1348,1353
1349,1350
1353,1352
1350,1351
1351,1352
1355,1356
1355,1357
1358,1359
1358,1360
1359,1363
1360,1361
1363,1362
1361,1362
1373,1374
1373,1375
1364,1365
1364,1369
1365,1366
1369,1368
1366,1367
1367,1368
1370,1371
1370,1372
1376,1377
1376,1378
1381,1380
1379,1385
1382,1383
1382,1384
1386,1387
1386,1388
1387,1391
1388,1389
1391,1390
1389,1390
1389,1401
1392,1393
1392,1397
1393,1394
1397,1396
1394,1395
1395,1396
1398,1399
1398,1400
1402,1403
1402,1404
1402,1408
1404,1405
1408,1407
1405,1406
1406,1407
1409,1410
1409,1414
1410,1411
1414,1413
1411,1412
1412,1413
1415,1416
1415,1417
1418,1419
1418,1420
1419,1423
1420,1421
1423,1422
1421,1422
1421,1431
1424,1425
1425,1426
1425,1430
1426,1427
1430,1429
1427,1428
1428,1429
1432,1433
1432,1434
1435,1436
1435,1437
1436,1444
1437,1442
1444,1443
1442,1443
1438,1439
1439,1440
1440,1441
1446,1445
1446,1447
1445,1450
1450,1449
1447,1448
1448,1449
1451,1452
1451,1453
1454,1455
1454,1456
1455,1459
1456,1457
1459,1458
1457,1458
1463,1464
1463,1465
1460,1461
1460,1462
1466,1467
1466,1468
1467,1471
1468,1469
1471,1470
1469,1470
1478,1477
1478,1479
1477,1476
1476,1481
1481,1480
1479,1480
1472,1473
1473,1474
1474,1475
1475,1488
1488,1489
1488,1490
1485,1486
1485,1487
1482,1483
1482,1484
1491,1492
1491,1493
1492,1503
1493,1494
1503,1502
1494,1502
1495,1496
1496,1497
1496,1501
1497,1498
1501,1500
1498,1499
1499,1500
1504,1505
1504,1506
1507,1508
1507,1509
1510,1511
1511,1512
1514,1513
1515,1516
1515,1517
1518,1519
1518,1520
1519,1523
1520,1521
1523,1522
1521,1522
1522,1524
1535,1534
1535,1536
1534,1533
1533,1537
1537,1536
1525,1526
1526,1527
1526,1531
1527,1528
1531,1530
1531,1532
1528,1529
1529,1530
1538,1539
1538,1540
1541,1542
1541,1543
1542,1558
1543,1544
1558,1557
1544,1557
1557,1556
1545,1546
1546,1555
1555,1554
1553,1554
1547,1548
1547,1552
1548,1549
1552,1551
1549,1550
1550,1551
1560,1559
1559,1561
1561,1562
1561,1563
1564,1565
1564,1566
1565,1569
1566,1567
1569,1568
1567,1568
1576,1575
1570,1571
1570,1575
1571,1572
1575,1574
1572,1573
1573,1574
1577,1578
1577,1579
1580,1581
1580,1582
1583,1584
1583,1588
1584,1585
1588,1587
1585,1586
1586,1587
1589,1590
1589,1591
1592,1593
1592,1594
1592,1604
1594,1595
1604,1603
1595,1603
1599,1598
1596,1597
1597,1598
1600,1601
1600,1602
1605,1606
1605,1607
1606,1610
1607,1608
1610,1609
1608,1609
1618,1617
1618,1619
1617,1622
1622,1621
1619,1620
1620,1621
1611,1612
1611,1616
1612,1613
1616,1615
1613,1614
1614,1615
1624,1623
1625,1626
1625,1627
1628,1629
1629,1637
1630,1635
1635,1634
1635,1636
1634,1643
1643,1642
1636,1641
1641,1642
1631,1632
1631,1650
1632,1633
1632,1647
1650,1649
1647,1648
1647,1652
1648,1649
1648,1651
1638,1639
1639,1640
1640,1644
1644,1645
1644,1646
1653,1654
1653,1655
1658,1657
1657,1659
1659,1660
1656,1662
1662,1661
1661,1666
1671,1670
1663,1670
1664,1665
1665,1667
1667,1668
1667,1669
1672,1673
1672,1674
1673,1677
1674,1675
1677,1676
1675,1676
1685,1684
1685,1686
1684,1689
1689,1688
1686,1687
1687,1688
1678,1679
1678,1683
1679,1680
1683,1682
1680,1681
1681,1682
1691,1690
1692,1693
1692,1694
1695,1696
1695,1697
1696,1708
1697,1706
1708,1707
1706,1707
1698,1699
1700,1701
1700,1705
1701,1702
1705,1704
1702,1703
1703,1704
1710,1709
1710,1711
1711,1712
1711,1713
1714,1715
1714,1716
1716,1717
1723,1722
1721,1720
1721,1722
1718,1719
1718,1730
1730,1731
1730,1732
1727,1728
1727,1729
1724,1725
1724,1726
1733,1734
1733,1735
1734,1742
1735,1740
1742,1741
1740,1741
1741,1746
1736,1737
1736,1755
1755,1756
1755,1757
1738,1739
1738,1752
1739,1748
1752,1753
1752,1754
1748,1747
1743,1744
1744,1745
1745,1749
1749,1750
1749,1751
1758,1759
1758,1760
1760,1761
1760,1765
1761,1762
1763,1764
1763,1768
1764,1766
1768,1767
1766,1767
1767,1772
1769,1770
1770,1771
1771,1773
1773,1774
1773,1775
1776,1777
1776,1778
1785,1784
1783,1782
1783,1784
1779,1780
1780,1781
1786,1787
1786,1788
1789,1790
1789,1791
1790,1798
1791,1796
1798,1797
1796,1797
1792,1793
1793,1794
1794,1795
1800,1799
1800,1801
1801,1802
1801,1803
1804,1805
1804,1806
1805,1809
1806,1807
1809,1808
1807,1808
1808,1810
1811,1812
1811,1816
1812,1813
1816,1815
1813,1814
1814,1815
1817,1818
1817,1819
1820,1821
1820,1822
1821,1833
1822,1823
1822,1831
1833,1832
1823,1824
1831,1832
1825,1826
1825,1830
1826,1827
1830,1829
1827,1828
1828,1829
1840,1841
1840,1842
1835,1834
1835,1836
1834,1839
1839,1838
1836,1837
1837,1838
1843,1844
1843,1866
1866,1867
1866,1868
1845,1846
1846,1863
1863,1864
1863,1865
1848,1847
1848,1849
1847,1852
1852,1851
1849,1850
1849,1851
1856,1855
1855,1857
1857,1858
1857,1859
1853,1854
1853,1860
1860,1861
1860,1862
1869,1870
1869,1871
1870,1882
1871,1880
1882,1881
1880,1881
1872,1873
1873,1874
1874,1875
1879,1878
1878,1884
1884,1883
1876,1877
1876,1885
1885,1886
1885,1887
1888,1889
1888,1890
1889,1901
1890,1891
1890,1899
1901,1900
1891,1892
1899,1900
1893,1894
1893,1898
1894,1895
1898,1897
1895,1896
1896,1897
1908,1909
1908,1910
1903,1902
1903,1904
1902,1907
1907,1906
1904,1905
1905,1906
1911,1912
1911,1913
1912,1924
1913,1914
1913,1922
1924,1923
1922,1923
1915,1916
1916,1917
1916,1921
1917,1918
1921,1920
1918,1919
1919,1920
1925,1926
1925,1927
1928,1929
1928,1930
1929,1941
1930,1939
1941,1940
1939,1940
1931,1932
1933,1934
1933,1938
1934,1935
1938,1937
1935,1936
1936,1937
1945,1946
1945,1947
1943,1942
1943,1944
1948,1949
1948,1950
1949,1953
1950,1951
1953,1952
1951,1952
1960,1961
1954,1955
1954,1959
1955,1956
1959,1958
1956,1957
1957,1958
1970,1971
1970,1972
1963,1962
1963,1964
1962,1967
1967,1968
1967,1969
1964,1965
1964,1966
1973,1974
1973,1975
1974,1978
1975,1976
1978,1977
1976,1977
1985,1986
1988,1987
1986,1987
1979,1980
1979,1984
1980,1981
1984,1983
1981,1982
1982,1983
1989,1990
1989,1991
1992,1993
1993,2005
2005,2004
2005,2006
2004,2009
2009,2008
2006,2007
2007,2008
1994,1995
1994,2003
1995,1996
2003,2002
1996,1997
1997,2002
1998,1999
1998,2017
2017,2018
2017,2019
2000,2001
2001,2010
2010,2011
2013,2012
2013,2014
2014,2015
2014,2016
2020,2021
2020,2022
2021,2025
2022,2023
2025,2024
2023,2024
2041,2042
2041,2043
2029,2030
2029,2034
2030,2031
2034,2033
2031,2032
2032,2033
2026,2027
2026,2028
2038,2039
2038,2040
2035,2036
2035,2037
2044,2045
2044,2046
2046,2047
2049,2048
2049,2050
2050,2051
2052,2053
2052,2054
2055,2056
2055,2057
2056,2064
2057,2062
2064,2063
2062,2063
2058,2059
2059,2060
2060,2061
2067,2068
2067,2069
2066,2065
2070,2071
2071,2075
2075,2074
2072,2073
2072,2082
2079,2080
2079,2081
2076,2077
2076,2078
2083,2084
2083,2085
2084,2088
2085,2086
2088,2087
2086,2087
2086,2098
2089,2090
2089,2094
2090,2091
2094,2093
2091,2092
2092,2093
2095,2096
2095,2097
2099,2100
2099,2101
2104,2103
2104,2105
2105,2106
2105,2107
2102,2108
2110,2109
2108,2109
2111,2112
2113,2114
2113,2120
2116,2115
2117,2118
2117,2119
2121,2122
2121,2123
2122,2126
2123,2124
2126,2125
2124,2125
2130,2131
2130,2135
2131,2132
2135,2134
2132,2133
2133,2134
2127,2128
2127,2129
2139,2140
2139,2141
2136,2137
2136,2138
2142,2143
2143,2151
2144,2149
2149,2148
2149,2150
2148,2157
2157,2156
2150,2155
2155,2156
2145,2146
2145,2164
2146,2147
2146,2161
2164,2163
2161,2162
2162,2163
2152,2153
2153,2154
2154,2158
2158,2159
2158,2160
2165,2166
2165,2167
2166,2170
2167,2168
2170,2169
2168,2169
2183,2184
2183,2185
2171,2172
2171,2176
2172,2173
2176,2175
2173,2174
2174,2175
2180,2181
2180,2182
2177,2178
2177,2179
2186,2187
2186,2188
2195,2194
2193,2192
2193,2194
2189,2190
2190,2191
2196,2197
2196,2198
2199,2200
2199,2201
2200,2204
2201,2202
2204,2203
2202,2203
2211,2210
2211,2212
2210,2209
2209,2214
2214,2213
2212,2213
2205,2206
2206,2207
2207,2208
2207,2221
2221,2222
2221,2223
2218,2219
2218,2220
2215,2216
2215,2217
2224,2225
2224,2226
2225,2229
2226,2227
2229,2228
2227,2228
2233,2232
2233,2234
2232,2237
2237,2236
2234,2235
2235,2236
2230,2231
2242,2243
2242,2244
2241,2240
2238,2239
2239,2240
2245,2246
2245,2247
2245,2251
2247,2248
2251,2250
2248,2249
2249,2250
2252,2253
2252,2257
2253,2254
2257,2256
2254,2255
2255,2256
2256,2258
2259,2260
2259,2261
2262,2264
2263,2267
2267,2268
2265,2266
2265,2269
2270,2271
2270,2272
2273,2274
2273,2275
2274,2286
2275,2284
2286,2285
2284,2285
2276,2277
2277,2278
2278,2279
2283,2282
2282,2288
2288,2287
2280,2281
2280,2289
2289,2290
2289,2291
2292,2293
2292,2294
2294,2308
2297,2296
2295,2296
2295,2301
2298,2299
2298,2300
2302,2303
2302,2307
2303,2304
2307,2306
2304,2305
2305,2306
2309,2310
2309,2311
2312,2313
2312,2314
2313,2317
2314,2315
2317,2316
2315,2316
2321,2322
2321,2326
2322,2323
2326,2325
2323,2324
2324,2325
2318,2319
2318,2320
2330,2331
2330,2332
2327,2328
2327,2329
2333,2334
2333,2335
2334,2342
2335,2336
2342,2341
2336,2341
2347,2346
2337,2338
2337,2346
2339,2340
2340,2343
2343,2344
2343,2345
2348,2349
2349,2353
2353,2352
2350,2351
2350,2360
2360,2361
2357,2358
2357,2359
2354,2355
2354,2356
2362,2363
2362,2364
2365,2366
2366,2367
2369,2368
2370,2371
2370,2372
2373,2374
2373,2375
2374,2378
2375,2376
2378,2377
2376,2377
2379,2380
2380,2381
2381,2382
2381,2383
2384,2385
2388,2387
2385,2386
2386,2387
2389,2390
2389,2391
2392,2393
2392,2394
2394,2395
2397,2396
2396,2398
2398,2399
2400,2401
2400,2402
2403,2405
2403,2423
2405,2406
2404,2408
2408,2407
2408,2409
2407,2410
2411,2412
2412,2417
2417,2418
2413,2414
2414,2415
2415,2416
2415,2422
2419,2420
2419,2421
2424,2425
2425,2433
2426,2427
2427,2428
2428,2429
2431,2430
2431,2432
2430,2439
2439,2438
2432,2437
2437,2436
2437,2438
2443,2444
2443,2445
2434,2435
2435,2440
2440,2441
2440,2442
2446,2447
2446,2448
2448,2456
2451,2450
2449,2450
2449,2455
2452,2453
2452,2454
2457,2458
2457,2459
2458,2470
2459,2468
2470,2469
2468,2469
2460,2461
2461,2462
2462,2467
2463,2464
2463,2474
2474,2475
2474,2476
2465,2466
2465,2473
2466,2472
2472,2471
2477,2478
2477,2479
2478,2482
2479,2480
2482,2481
2480,2481
2489,2490
2483,2484
2483,2488
2484,2485
2488,2487
2485,2486
2486,2487
2492,2491
2492,2493
2493,2494
2493,2495
2496,2497
2496,2498
2499,2500
2499,2508
2501,2502
2502,2507
2507,2506
2503,2504
2504,2505
2509,2510
2509,2511
2512,2513
2512,2514
2514,2522
2517,2516
2517,2518
2515,2516
2519,2520
2519,2521
2523,2524
2523,2525
2524,2532
2525,2530
2532,2531
2530,2531
2526,2527
2527,2528
2528,2529
2536,2537
2536,2538
2533,2534
2533,2535
2539,2540
2539,2541
2544,2543
2543,2545
2542,2546
2547,2548
2547,2549
2550,2551
2550,2552
2552,2566
2567,2568
2567,2569
2555,2554
2555,2556
2553,2554
2563,2562
2562,2561
2560,2561
2560,2564
2557,2558
2558,2559
2559,2565
2570,2571
2570,2572
2572,2573
2574,2575
2575,2576
2578,2577
2579,2580
2579,2581
2582,2583
2582,2584
2584,2592
2587,2586
2587,2588
2585,2586
2589,2590
2589,2591
2593,2594
2593,2595
2594,2598
2595,2596
2598,2597
2596,2597
2597,2599
2600,2601
2600,2605
2601,2602
2605,2604
2602,2603
2603,2604
2606,2607
2606,2608
2609,2610
2609,2611
2610,2614
2611,2612
2611,2624
2614,2613
2612,2613
2615,2616
2615,2620
2616,2617
2620,2619
2617,2618
2618,2619
2621,2622
2621,2623
2625,2626
2625,2634
2627,2628
2628,2633
2633,2632
2629,2630
2630,2631
2635,2636
2635,2637
2638,2639
2638,2640
2639,2647
2640,2645
2647,2646
2645,2646
2641,2642
2642,2643
2643,2644
2650,2651
2650,2652
2649,2648
2653,2654
2653,2655
2655,2669
2658,2657
2658,2659
2659,2660
2659,2661
2656,2662
2663,2664
2663,2668
2664,2665
2668,2667
2665,2666
2666,2667
2670,2671
2670,2672
2673,2674
2673,2675
2678,2679
2679,2680
2680,2681
2676,2677
2682,2683
2682,2684
2685,2686
2685,2687
2693,2692
2692,2694
2694,2695
2694,2696
2688,2689
2691,2690
2689,2690
2697,2698
2697,2699
2698,2702
2699,2700
2702,2701
2700,2701
2700,2709
2703,2704
2703,2708
2704,2705
2708,2707
2705,2706
2706,2707
2707,2712
2716,2717
2716,2718
2710,2711
2711,2713
2713,2714
2713,2715
2719,2720
2719,2721
2720,2728
2721,2722
2728,2727
2722,2727
2733,2732
2723,2724
2723,2732
2725,2726
2726,2729
2729,2730
2729,2731
2734,2735
2735,2745
2736,2737
2736,2740
2737,2738
2737,2744
2740,2739
2738,2739
2741,2742
2741,2743
2746,2747
2746,2748
2749,2750
2750,2751
2753,2752
2753,2754
2754,2755
2754,2756
2757,2758
2757,2759
2760,2761
2760,2762
2765,2764
2765,2766
2766,2767
2766,2768
2763,2769
2771,2770
2769,2770
2772,2773
2773,2781
2781,2782
2782,2783
2774,2779
2775,2776
2775,2789
2789,2790
2789,2791
2777,2778
2778,2787
2787,2786
2780,2785
2785,2784
2784,2788
2792,2793
2792,2794
2795,2796
2796,2797
2797,2798
2801,2800
2799,2800
2799,2804
2800,2802
2804,2803
2802,2803
2808,2807
2805,2806
2806,2807
2809,2810
2809,2811
2812,2813
2813,2821
2814,2815
2814,2819
2815,2816
2819,2818
2816,2817
2817,2818
2817,2831
2827,2826
2820,2825
2825,2826
2822,2823
2823,2824
2824,2828
2828,2829
2828,2830
2832,2833
2832,2843
2843,2844
2843,2845
2834,2835
2835,2842
2837,2836
2836,2841
2838,2839
2838,2840
2846,2847
2846,2848
2847,2851
2848,2849
2851,2850
2849,2850
2859,2858
2859,2860
2858,2863
2863,2862
2860,2861
2861,2862
2852,2853
2852,2857
2853,2854
2857,2856
2854,2855
2855,2856
2869,2870
2869,2871
2865,2864
2866,2867
2866,2868
2872,2873
2872,2874
2873,2877
2874,2875
2877,2876
2875,2876
2893,2894
2893,2895
2890,2891
2890,2892
2878,2879
2878,2883
2879,2880
2883,2882
2880,2881
2881,2882
2887,2888
2887,2889
2884,2885
2884,2886
2896,2897
2897,2905
2898,2899
2899,2900
2900,2901
2903,2902
2903,2904
2902,2911
2911,2910
2904,2909
2909,2908
2909,2910
2915,2916
2915,2917
2906,2907
2907,2912
2912,2913
2912,2914
2918,2919
2918,2920
2919,2931
2920,2929
2931,2930
2929,2930
2921,2922
2922,2923
2923,2928
2924,2925
2924,2937
2937,2938
2937,2939
2926,2927
2927,2933
2933,2932
2934,2935
2934,2936
2940,2941
2940,2942
2941,2949
2942,2947
2949,2948
2947,2948
2943,2944
2944,2945
2945,2946
2951,2950
2951,2952
2950,2955
2955,2954
2952,2953
2953,2954
2956,2957
2956,2958
2959,2960
2959,2961
2959,2962
2962,2963
2964,2965
2965,2979
2979,2980
2979,2981
2976,2977
2973,2978
2978,2977
2966,2967
2966,2975
2967,2968
2975,2974
2968,2969
2969,2974
2970,2971
2971,2972
2982,2983
2982,2984
2983,2991
2984,2989
2991,2990
2989,2990
2990,2995
2985,2986
2985,3001
3001,3002
3001,3003
2987,2988
2988,2997
2997,2996
2992,2993
2993,2994
2994,2998
2998,2999
2998,3000
3004,3005
3004,3006
3007,3008
3008,3009
3011,3010
3012,3013
3012,3014
3015,3016
3016,3020
3020,3019
3017,3018
3017,3027
3024,3025
3024,3026
3021,3022
3021,3023
3028,3029
3028,3030
3029,3033
3030,3031
3033,3032
3031,3032
3041,3040
3040,3039
3038,3039
3034,3035
3035,3036
3036,3037
3042,3043
3042,3044
3045,3046
3045,3047
3046,3050
3047,3048
3050,3049
3048,3049
3057,3058
3057,3062
3058,3059
3062,3061
3059,3060
3060,3061
3054,3055
3054,3056
3051,3052
3051,3053
3066,3067
3066,3068
3063,3064
3063,3065
3069,3070
3069,3071
3071,3072
3077,3073
3077,3076
3073,3074
3074,3075
3075,3076
3078,3079
3078,3080
3081,3082
3081,3083
3082,3086
3083,3084
3086,3085
3084,3085
3099,3100
3099,3101
3087,3088
3087,3092
3088,3089
3092,3091
3089,3090
3090,3091
3096,3097
3096,3098
3093,3094
3093,3095
3102,3103
3102,3104
3103,3111
3104,3109
3111,3110
3109,3110
3105,3106
3105,3121
3121,3122
3121,3123
3107,3108
3108,3113
3113,3112
3113,3114
3112,3117
3117,3116
3114,3115
3115,3116
3118,3119
3118,3120
3124,3125
3124,3126
3125,3129
3126,3127
3129,3128
3129,3130
3127,3128
3128,3131
3145,3134
3132,3133
3133,3134
3138,3137
3138,3139
3137,3140
3135,3136
3135,3144
3136,3141
3141,3142
3141,3143
3146,3147
3146,3148
3151,3150
3151,3152
3152,3153
3152,3154
3149,3155
3157,3156
3155,3156
3158,3159
3158,3160
3160,3170
3163,3162
3161,3162
3161,3167
3164,3165
3164,3166
3168,3169
3168,3174
3169,3171
3174,3173
3171,3172
3172,3173
3175,3176
3175,3177
3178,3179
3178,3180
3178,3183
3180,3181
3183,3182
3181,3182
3187,3186
3184,3185
3185,3186
3188,3189
3188,3190
3191,3192
3191,3193
3192,3196
3193,3194
3196,3195
3194,3195
3210,3211
3210,3212
3197,3198
3198,3199
3199,3200
3199,3201
3202,3203
3206,3205
3203,3204
3204,3205
3207,3208
3207,3209
3213,3214
3214,3226
3226,3225
3226,3227
3225,3230
3230,3229
3227,3228
3228,3229
3215,3216
3215,3224
3216,3217
3224,3223
3217,3218
3218,3223
3219,3220
3219,3238
3220,3221
3238,3239
3238,3240
3222,3231
3234,3233
3232,3233
3232,3235
3235,3236
3235,3237
3241,3242
3241,3243
3243,3251
3246,3245
3246,3247
3244,3245
3248,3249
3248,3250
3252,3253
3252,3254
3262,3261
3261,3260
3259,3260
3255,3256
3256,3257
3257,3258
3263,3264
3263,3265
3266,3267
3267,3275
3268,3269
3268,3273
3269,3270
3273,3272
3270,3271
3271,3272
3285,3286
3285,3287
3281,3280
3274,3279
3279,3280
3276,3277
3277,3278
3278,3282
3282,3283
3282,3284
3288,3289
3288,3290
3289,3297
3290,3295
3297,3296
3295,3296
3291,3292
3291,3307
3307,3308
3307,3309
3293,3294
3299,3298
3299,3300
3298,3303
3303,3302
3300,3301
3301,3302
3304,3305
3304,3306
3310,3312
3312,3313
3313,3314
3311,3315
3315,3316
3320,3321
3320,3322
3317,3318
3317,3319
3323,3324
3323,3325
3328,3327
3328,3329
3329,3330
3329,3331
3326,3332
3334,3333
3332,3333
3335,3336
3335,3337
3336,3340
3337,3338
3339,3341
3341,3342
3341,3346
3342,3343
3346,3345
3343,3344
3344,3345
3348,3347
3348,3349
3347,3352
3352,3351
3349,3350
3350,3351
3353,3354
3353,3355
3356,3357
3356,3358
3357,3368
3358,3359
3368,3367
3359,3367
3360,3361
3361,3362
3361,3366
3362,3363
3366,3365
3363,3364
3364,3365
3369,3370
3369,3371
