1
1
1
1
1
2
2
3
3
3
4
5
6
8
8
8
9
9
10
10
10
10
10
10
10
10
10
10
10
11
12
12
13
13
13
14
15
15
16
16
17
17
17
18
18
19
19
19
19
19
19
20
21
22
22
23
24
24
28
28
31
32
32
33
33
33
33
34
34
35
35
35
36
36
36
36
36
37
37
38
38
39
39
39
40
42
42
43
43
43
45
45
46
47
47
48
48
49
49
49
51
52
52
53
54
54
55
56
56
57
57
57
57
58
59
59
60
60
62
63
63
64
65
65
66
67
67
68
68
69
69
69
70
70
70
70
71
71
72
73
73
74
74
74
75
75
76
76
76
77
77
77
77
78
78
79
79
80
80
80
81
82
82
84
84
85
85
85
85
87
87
88
88
88
89
89
89
89
89
90
90
90
92
92
93
93
93
95
95
95
95
95
95
96
96
97
97
98
98
99
100
101
101
102
102
103
103
105
106
106
107
107
108
108
109
109
110
111
111
111
112
112
113
113
114
114
114
114
116
118
118
118
118
118
118
118
118
118
118
118
118
119
123
123
124
124
126
126
126
127
127
128
128
129
129
130
131
131
131
132
132
133
133
134
134
136
136
137
137
138
138
139
139
140
141
141
142
143
143
144
145
145
147
147
149
149
149
151
151
152
152
152
152
153
153
153
154
157
157
158
158
159
159
160
160
161
161
