0
1
3
3
4
4
6
7
7
12
12
13
13
13
13
13
13
13
43
44
67
67
67
68
68
68
69
70
70
73
73
73
74
74
75
76
76
77
77
77
77
77
77
77
78
78
79
79
79
79
79
79
79
79
79
80
80
80
80
80
80
80
82
83
83
84
84
85
86
86
87
87
87
87
87
88
90
90
91
91
92
92
93
94
95
95
96
96
97
97
99
99
100
100
101
101
103
103
104
104
105
105
106
106
107
109
110
110
112
112
112
112
113
113
114
114
116
116
117
117
118
118
119
120
121
122
122
122
122
123
123
124
124
124
125
125
125
127
127
128
128
128
128
128
128
128
128
129
129
129
129
129
129
129
129
130
130
131
132
132
133
133
135
136
136
136
137
139
140
141
141
142
142
142
142
143
143
144
144
144
145
145
145
145
145
145
145
146
146
147
149
149
149
150
150
151
151
152
152
152
153
153
154
154
155
155
158
158
159
161
161
161
161
161
161
161
161
162
163
163
164
164
165
166
166
167
167
167
167
167
167
168
168
169
169
173
173
175
175
176
176
178
178
178
178
178
189
189
193
193
195
195
196
196
196
197
197
198
198
198
199
199
200
200
201
201
205
205
205
206
206
207
207
207
208
208
209
209
209
209
209
209
209
210
210
211
212
212
213
213
213
214
214
214
214
215
217
217
217
218
218
219
221
221
222
223
223
224
224
225
227
227
229
231
231
231
232
232
232
232
232
232
232
232
232
232
233
233
234
234
234
235
235
236
236
237
237
237
237
237
237
237
237
237
237
237
238
238
240
240
241
241
241
242
242
245
245
245
246
246
249
250
250
251
251
251
252
253
258
259
259
261
261
262
262
264
265
265
266
266
266
267
267
268
268
270
270
270
270
271
271
271
272
272
272
273
273
274
274
276
276
277
277
280
280
281
281
282
283
283
284
284
285
286
286
287
287
288
288
288
288
288
288
288
288
288
288
288
289
289
289
290
290
291
291
293
293
295
295
297
297
298
298
299
299
300
300
300
301
302
302
303
303
304
304
