1,2
3,4
5,6
7,8
8,9
8,10
10,11
11,54
54,55
54,56
12,13
13,14
13,15
15,16
17,18
17,19
19,20
20,21
21,22
23,24
23,42
42,43
43,44
25,26
25,27
27,28
28,29
28,30
30,31
32,33
33,34
34,35
34,36
36,37
37,38
37,39
39,40
39,41
45,46
46,47
46,51
47,48
51,52
51,53
48,49
48,50
57,58
57,59
58,75
75,76
60,61
61,62
64,63
64,65
65,66
67,68
67,74
68,69
74,72
69,70
69,71
71,72
72,73
77,78
77,79
78,82
79,80
82,81
80,81
91,90
91,92
90,89
83,84
83,85
86,87
87,88
93,94
95,96
95,97
98,99
98,100
98,151
100,143
151,145
151,149
143,144
144,145
145,146
146,147
147,148
148,149
149,150
101,102
102,103
103,104
103,108
104,105
108,107
108,109
105,106
106,107
109,110
111,112
111,142
112,113
142,139
113,114
114,139
139,140
140,141
115,116
116,117
117,118
117,128
118,119
118,120
128,127
120,121
120,126
121,122
121,123
126,125
126,127
123,124
124,125
134,135
134,136
134,137
137,138
129,130
129,131
129,132
132,133
157,158
157,159
157,160
160,161
152,153
152,154
152,155
155,156
162,163
164,165
164,166
168,167
168,169
170,171
170,172
173,174
174,175
176,177
177,178
178,179
183,184
183,188
184,185
188,187
185,186
186,187
180,181
181,182
189,190
189,191
192,193
192,194
194,195
194,199
195,196
199,198
196,197
197,198
200,201
201,202
206,205
206,207
203,204
203,205
208,209
209,215
215,216
210,211
210,212
212,213
213,214
217,218
218,219
219,220
219,221
224,222
224,225
222,223
226,227
227,228
229,230
230,231
235,236
232,233
232,234
237,238
237,239
240,241
241,242
244,243
245,246
246,253
253,252
251,252
247,248
247,249
249,250
257,256
254,255
255,256
256,258
259,260
259,261
261,262
262,263
264,265
265,266
267,268
268,269
270,271
270,275
271,272
275,274
272,273
273,274
282,276
282,281
276,277
277,278
278,279
278,280
280,281
283,284
283,285
285,286
289,288
289,290
287,288
291,292
291,293
294,295
294,296
294,301
296,297
301,300
297,298
298,299
298,300
302,303
302,304
304,305
305,306
306,307
310,309
310,311
308,309
312,313
312,314
315,316
315,317
323,324
323,328
324,325
328,327
325,326
326,327
318,319
322,321
319,320
320,321
329,330
331,332
332,333
333,334
335,336
336,337
337,338
339,340
340,341
341,342
343,344
344,359
359,360
359,361
359,362
345,346
345,351
346,347
351,350
347,348
348,349
348,350
352,353
352,358
353,354
358,357
354,355
355,356
355,357
363,365
365,366
366,367
364,369
369,368
368,370
371,378
378,376
376,377
372,373
373,374
374,375
379,380
380,381
381,382
389,388
389,390
390,391
383,384
383,387
384,385
385,386
392,393
394,395
396,397
397,398
399,400
399,401
402,403
404,405
405,406
408,407
409,411
410,413
412,414
415,416
417,418
419,420
419,421
421,422
422,423
423,424
437,429
437,435
435,436
426,425
426,427
427,428
430,431
430,432
432,433
433,434
438,439
440,441
442,443
444,445
444,446
444,447
448,449
448,450
451,452
451,453
454,455
454,456
457,458
458,461
459,460
462,463
464,465
464,466
464,478
466,467
478,479
468,469
468,480
480,481
480,482
470,471
470,477
471,472
477,473
472,473
476,474
476,475
474,475
483,484
485,486
488,487
488,489
489,490
491,492
491,493
493,494
496,495
497,498
497,499
499,500
501,502
501,503
501,505
503,504
505,506
507,508
507,512
512,513
509,510
510,511
514,515
516,517
516,518
517,518
519,521
521,522
522,523
520,525
525,524
524,526
526,527
528,536
536,533
533,534
534,535
529,530
530,531
531,532
537,538
539,540
539,541
542,543
544,545
546,547
547,548
549,550
551,552
552,559
553,554
555,556
558,557
560,561
560,562
562,563
565,564
566,567
566,568
569,570
569,571
572,573
572,574
573,574
578,577
575,576
576,577
579,580
579,581
580,581
582,583
583,584
583,585
586,587
586,588
586,589
590,591
591,592
592,593
606,600
606,605
600,601
601,602
602,603
603,604
603,605
594,595
594,598
595,596
595,597
598,599
607,608
609,610
613,614
611,612
615,616
615,617
618,619
620,621
621,622
623,624
624,625
627,626
628,629
628,630
630,631
633,632
633,634
632,637
637,636
634,635
635,636
638,639
638,644
639,640
644,643
640,641
641,642
641,643
645,646
645,651
646,647
651,650
647,648
648,649
648,650
652,653
653,654
659,658
655,656
655,657
660,661
660,662
660,663
663,664
665,666
666,667
668,673
673,672
669,670
670,671
674,675
674,676
675,679
676,677
679,678
677,678
678,683
680,681
681,682
682,684
684,693
693,694
685,686
685,687
687,688
687,692
688,689
692,691
689,690
690,691
695,696
695,697
695,698
699,700
701,702
705,706
703,704
707,708
708,709
708,710
711,712
712,713
718,717
718,719
716,717
714,715
720,721
722,723
724,725
725,726
727,728
727,729
728,739
729,730
739,738
730,738
731,732
731,733
733,734
734,735
735,736
736,737
740,741
740,742
743,744
744,745
744,749
745,746
749,748
746,747
747,748
750,751
751,752
757,756
756,758
753,754
753,755
759,760
759,761
762,763
763,764
765,766
766,767
766,771
767,768
771,770
768,769
769,770
772,773
772,777
773,774
777,776
774,775
775,776
775,778
778,779
780,781
780,786
781,782
786,785
782,783
783,784
783,785
787,788
787,789
790,791
790,792
790,802
802,801
793,794
794,795
795,796
796,797
798,799
798,800
803,804
803,805
803,806
807,808
808,809
808,810
811,812
812,813
813,814
817,816
817,818
815,816
819,820
820,821
822,823
822,826
823,824
826,825
824,825
834,833
831,832
831,833
827,828
828,829
829,830
835,836
835,837
837,838
838,839
839,840
862,855
862,861
853,854
853,855
855,856
856,857
856,858
858,859
859,860
859,861
841,842
842,850
850,851
850,852
843,844
844,845
844,849
845,846
849,848
846,847
847,848
863,864
863,865
875,870
875,874
869,870
866,867
866,868
871,872
872,873
876,877
876,892
877,883
883,884
878,879
879,880
880,881
881,882
897,890
897,896
890,891
891,893
893,894
893,895
895,896
885,886
886,887
886,888
888,889
898,899
899,900
901,902
901,903
904,905
904,906
907,908
909,910
911,912
913,914
913,915
915,916
917,918
918,919
919,920
921,922
922,923
923,924
925,926
926,927
927,928
929,930
930,931
932,933
932,934
934,935
940,941
941,942
942,943
936,937
937,938
938,939
944,945
945,946
946,947
947,948
949,950
949,951
951,952
951,954
952,953
954,955
956,957
956,958
957,987
958,959
958,960
987,986
960,986
961,962
961,963
963,964
964,965
964,966
966,967
982,981
982,983
983,984
983,985
968,969
968,970
970,971
971,972
971,973
980,976
974,975
974,976
976,977
977,978
977,979
988,989
990,991
993,992
993,994
994,995
996,997
997,998
998,999
1000,1001
1002,1003
1004,1005
1004,1006
1007,1008
1009,1010
1009,1013
1010,1011
1013,1012
1011,1012
1017,1018
1017,1022
1018,1019
1022,1021
1022,1023
1019,1020
1019,1021
1014,1015
1014,1016
1024,1025
1024,1026
1026,1027
1028,1029
1029,1030
1030,1031
1032,1033
1033,1034
1034,1035
1042,1040
1042,1043
1040,1041
1036,1037
1036,1038
1038,1039
1044,1045
1045,1046
1047,1048
1050,1049
1051,1052
1051,1053
1051,1054
1055,1056
1056,1057
1058,1059
1058,1060
1061,1062
1063,1064
1064,1065
1065,1066
1069,1067
1067,1068
1070,1071
1070,1072
1073,1074
1075,1076
1076,1077
1081,1080
1078,1079
1082,1083
1082,1084
1085,1086
1085,1092
1092,1091
1087,1088
1088,1089
1089,1090
1093,1094
1093,1099
1094,1095
1099,1098
1095,1096
1096,1097
1096,1098
1100,1101
1100,1102
1100,1103
1104,1105
1104,1106
1107,1108
1108,1114
1114,1113
1115,1116
1115,1121
1116,1117
1121,1120
1117,1118
1118,1119
1118,1120
1109,1110
1110,1111
1111,1112
1122,1123
1124,1125
1127,1126
1128,1129
1128,1130
1128,1134
1130,1131
1134,1133
1131,1132
1132,1133
1135,1136
1135,1144
1136,1137
1144,1143
1137,1138
1138,1143
1143,1142
1139,1140
1140,1141
1145,1146
1145,1147
1147,1148
1154,1153
1149,1150
1150,1151
1151,1152
1155,1156
1155,1157
1156,1160
1157,1158
1160,1159
1158,1159
1161,1162
1162,1163
1162,1180
1163,1164
1180,1179
1164,1165
1165,1166
1165,1179
1167,1168
1167,1172
1168,1169
1172,1171
1169,1170
1170,1171
1176,1177
1176,1178
1173,1174
1173,1175
1181,1182
1181,1183
1181,1184
1184,1185
1186,1187
1186,1188
1189,1196
1196,1194
1194,1195
1190,1191
1191,1192
1192,1193
1197,1199
1198,1200
1201,1202
1203,1204
1203,1205
1204,1209
1206,1207
1207,1208
1210,1211
1211,1212
1212,1213
1212,1214
1215,1216
1217,1218
1218,1219
1220,1221
1222,1223
1222,1224
1224,1225
1231,1232
1234,1233
1232,1233
1226,1227
1228,1229
1228,1230
1235,1237
1237,1238
1236,1254
1254,1255
1254,1259
1255,1256
1259,1258
1256,1257
1257,1258
1239,1240
1240,1241
1241,1242
1244,1243
1244,1245
1243,1249
1249,1246
1245,1246
1246,1247
1246,1248
1250,1251
1250,1252
1252,1253
1260,1261
1261,1264
1262,1263
1265,1266
1265,1267
1268,1275
1275,1273
1273,1274
1269,1270
1270,1271
1271,1272
1276,1277
1278,1279
1280,1281
1281,1282
1283,1284
1284,1285
1286,1287
1288,1289
1289,1298
1298,1297
1290,1291
1291,1292
1292,1293
1294,1295
1294,1296
1299,1300
1299,1301
1309,1308
1308,1307
1306,1307
1302,1303
1303,1304
1304,1305
1310,1311
1311,1312
1313,1314
1315,1316
1317,1318
1317,1319
1318,1319
1320,1321
1321,1322
1323,1324
1325,1326
1327,1328
1327,1329
1327,1330
1330,1331
1341,1342
1341,1343
1343,1344
1332,1333
1332,1340
1333,1334
1340,1337
1334,1335
1335,1336
1335,1337
1337,1338
1338,1339
1345,1346
1345,1353
1346,1347
1353,1350
1347,1348
1348,1349
1348,1350
1350,1351
1351,1352
1354,1355
1354,1356
1356,1357
1360,1359
1360,1361
1358,1359
1362,1363
1363,1364
1363,1368
1364,1365
1368,1367
1365,1366
1366,1367
1369,1370
1370,1371
1370,1372
1373,1374
1373,1375
1373,1376
1376,1377
1376,1378
1379,1380
1380,1381
1380,1385
1381,1382
1385,1384
1382,1383
1383,1384
1392,1387
1392,1391
1386,1387
1387,1388
1388,1389
1389,1390
1390,1391
1393,1394
1394,1399
1399,1398
1395,1396
1396,1397
1400,1401
1400,1402
1402,1403
1403,1404
1405,1406
1405,1407
1408,1409
1410,1411
1412,1413
1414,1415
1414,1416
1417,1418
1417,1419
1419,1420
1419,1425
1420,1421
1425,1424
1421,1422
1422,1423
1422,1424
1431,1432
1431,1437
1432,1433
1437,1436
1433,1434
1434,1435
1434,1436
1426,1427
1426,1428
1426,1429
1429,1430
1438,1439
1438,1440
1438,1441
1441,1442
1443,1444
1445,1446
1449,1450
1447,1448
1451,1452
1452,1453
1453,1454
1461,1459
1461,1462
1459,1460
1462,1463
1455,1456
1455,1457
1457,1458
1464,1465
1465,1466
1467,1468
1467,1469
1470,1471
1470,1472
1473,1474
1475,1476
1476,1477
1478,1479
1479,1480
1482,1481
1483,1484
1483,1485
1486,1487
1487,1488
1487,1502
1488,1489
1488,1504
1502,1504
1502,1503
1504,1505
1495,1493
1495,1496
1495,1497
1493,1494
1493,1506
1506,1497
1506,1507
1497,1498
1490,1491
1490,1492
1499,1500
1499,1501
1508,1509
1509,1520
1520,1521
1521,1522
1510,1511
1510,1512
1512,1513
1512,1514
1514,1515
1518,1516
1518,1519
1516,1517
1529,1527
1529,1530
1527,1528
1523,1524
1523,1525
1525,1526
1531,1532
1531,1533
1532,1536
1533,1534
1536,1535
1534,1535
1537,1538
1539,1540
1539,1541
1541,1542
1543,1544
1544,1545
1545,1546
1546,1547
1546,1548
1549,1550
1549,1551
1551,1552
1553,1554
1553,1555
1556,1557
1556,1558
1558,1559
1560,1561
1560,1562
1560,1563
1563,1564
1563,1565
1566,1567
1567,1568
1568,1569
1568,1570
1570,1571
1571,1572
1573,1574
1573,1575
1575,1576
1576,1577
1578,1579
1578,1580
1580,1581
1581,1582
1583,1584
1583,1585
1585,1586
1586,1587
1587,1588
1588,1589
1590,1591
1590,1592
1592,1593
1608,1607
1608,1609
1611,1609
1611,1610
1609,1610
1594,1595
1595,1596
1596,1597
1598,1599
1599,1600
1601,1602
1601,1606
1602,1603
1606,1605
1603,1604
1604,1605
1612,1613
1613,1614
1615,1616
1615,1617
1616,1620
1617,1618
1620,1619
1618,1619
1624,1625
1624,1626
1621,1622
1621,1623
1627,1628
1627,1639
1639,1635
1629,1630
1629,1631
1631,1632
1643,1633
1643,1644
1643,1645
1633,1634
1636,1637
1636,1638
1640,1641
1640,1642
1646,1647
1647,1648
1649,1650
1651,1652
1653,1654
1653,1655
1653,1675
1655,1656
1675,1674
1656,1673
1673,1674
1657,1658
1657,1668
1658,1659
1658,1660
1668,1667
1668,1669
1660,1661
1661,1667
1662,1663
1663,1664
1664,1665
1665,1666
1670,1671
1670,1672
1676,1677
1677,1678
1679,1680
1681,1682
1681,1683
1682,1687
1682,1691
1687,1686
1687,1688
1691,1690
1691,1692
1688,1689
1689,1690
1690,1702
1692,1693
1693,1694
1684,1685
1685,1740
1740,1741
1740,1742
1740,1743
1743,1744
1735,1736
1735,1737
1735,1738
1738,1739
1695,1696
1695,1700
1696,1697
1700,1699
1700,1701
1697,1698
1698,1699
1703,1704
1703,1715
1704,1705
1715,1714
1705,1706
1706,1707
1706,1714
1714,1713
1711,1712
1712,1713
1708,1709
1709,1710
1709,1724
1710,1716
1724,1723
1716,1717
1716,1722
1717,1718
1717,1719
1722,1721
1722,1723
1719,1720
1720,1721
1730,1731
1730,1732
1730,1733
1733,1734
1725,1726
1725,1727
1725,1728
1728,1729
1745,1746
1745,1747
1748,1749
1749,1750
1751,1752
1752,1753
1755,1754
1756,1757
1758,1759
1759,1760
1759,1764
1760,1761
1764,1763
1764,1765
1761,1762
1762,1763
1766,1767
1767,1768
1767,1772
1768,1769
1772,1771
1772,1773
1769,1770
1770,1771
1774,1775
1775,1776
1775,1780
1776,1777
1780,1779
1780,1781
1777,1778
1778,1779
1782,1783
1783,1784
1783,1785
1786,1787
1786,1805
1787,1788
1805,1804
1805,1806
1788,1789
1788,1802
1802,1803
1802,1804
1790,1791
1790,1796
1791,1792
1796,1795
1796,1797
1792,1793
1793,1794
1793,1795
1798,1799
1798,1800
1798,1801
1807,1808
1807,1809
1807,1810
1807,1811
1812,1813
1812,1814
1815,1816
1815,1817
1817,1818
1821,1819
1821,1822
1819,1820
1823,1824
1824,1825
1824,1826
1826,1827
1827,1828
1827,1829
1827,1830
1831,1832
1831,1852
1832,1833
1852,1851
1833,1834
1834,1851
1835,1836
1836,1837
1837,1838
1839,1840
1840,1841
1841,1842
1841,1843
1844,1845
1845,1846
1845,1850
1846,1847
1850,1849
1847,1848
1848,1849
1853,1855
1853,1856
1856,1857
1854,1858
1858,1859
1858,1863
1859,1860
1863,1862
1860,1861
1861,1862
1864,1865
1864,1869
1865,1866
1869,1868
1866,1867
1867,1868
1870,1871
1871,1872
1871,1873
1873,1874
1875,1876
1876,1877
1878,1879
1878,1880
1880,1881
1880,1882
1883,1884
1883,1885
1884,1904
1904,1905
1886,1887
1887,1888
1888,1889
1903,1901
1901,1902
1890,1891
1891,1892
1892,1893
1893,1894
1895,1896
1896,1897
1897,1898
1898,1899
1898,1900
1906,1907
1907,1912
1912,1913
1908,1909
1908,1910
1910,1911
1914,1915
1914,1916
1916,1917
1918,1919
1918,1920
1919,1923
1920,1921
1923,1922
1921,1922
1924,1925
1924,1929
1925,1926
1929,1928
1929,1930
1926,1927
1927,1928
1931,1932
1933,1934
1935,1936
1937,1938
1937,1939
1939,1940
1942,1941
1943,1944
1943,1945
1945,1946
1947,1948
1947,1954
1954,1953
1949,1950
1950,1951
1951,1952
1955,1956
1955,1961
1956,1957
1961,1960
1957,1958
1958,1959
1958,1960
1962,1963
1962,1964
1963,1967
1964,1965
1967,1966
1965,1966
1971,1972
1968,1969
1968,1970
1973,1974
1973,1975
1973,1976
1976,1977
1978,1979
1978,1980
1981,1982
1984,1983
1985,1986
1985,1987
1985,1989
1987,1988
1989,1990
1991,1992
1992,1993
1993,1994
2000,1998
1998,1999
1995,1996
1996,1997
2001,2002
2001,2003
2009,2007
2007,2008
2010,2011
2010,2015
2011,2012
2015,2014
2015,2016
2012,2013
2013,2014
2004,2005
2004,2006
2017,2018
2018,2019
2019,2026
2020,2021
2021,2022
2022,2023
2024,2025
2027,2028
2027,2029
2035,2033
2033,2034
2030,2031
2030,2032
2036,2037
2036,2038
2043,2041
2041,2042
2039,2040
2044,2045
2044,2046
2047,2048
2048,2049
2049,2050
2054,2053
2051,2052
2051,2053
2055,2056
2055,2057
2057,2058
2059,2060
2060,2068
2061,2062
2062,2066
2066,2067
2063,2064
2063,2065
2069,2070
2069,2071
2072,2073
2072,2074
2075,2076
2076,2077
2085,2083
2085,2086
2083,2084
2078,2079
2078,2080
2080,2081
2081,2082
2087,2088
2087,2089
2088,2103
2089,2090
2103,2102
2090,2102
2091,2092
2091,2093
2093,2094
2095,2096
2095,2098
2096,2097
2098,2099
2099,2100
2100,2101
2104,2105
2104,2106
2106,2107
2108,2109
2108,2111
2109,2110
2111,2112
2112,2113
2113,2114
2115,2116
2115,2117
2116,2118
2118,2119
2120,2121
2120,2122
2122,2123
2124,2125
2124,2126
2127,2128
2128,2129
2133,2132
2133,2134
2134,2135
2135,2136
2130,2131
2130,2137
2138,2139
2138,2140
2141,2142
2142,2148
2148,2149
2143,2144
2143,2145
2146,2147
2150,2151
2150,2152
2152,2153
2159,2160
2160,2161
2161,2162
2161,2163
2154,2155
2155,2156
2156,2157
2157,2158
2164,2165
2165,2166
2165,2167
2168,2169
2168,2170
2170,2171
2171,2172
2172,2173
2185,2178
2185,2183
2183,2184
2175,2174
2175,2176
2176,2177
2179,2180
2180,2181
2181,2182
2186,2187
2186,2194
2194,2195
2188,2189
2188,2190
2191,2192
2191,2193
2196,2197
2198,2199
2200,2201
2200,2202
2203,2204
2204,2205
2213,2212
2210,2211
2211,2212
2206,2207
2206,2214
2207,2208
2214,2209
2208,2209
2215,2216
2217,2218
2222,2221
2219,2220
2223,2224
2223,2225
2224,2228
2225,2226
2228,2227
2226,2227
2227,2229
2229,2230
2231,2232
2231,2241
2232,2233
2232,2234
2241,2236
2234,2235
2235,2236
2236,2237
2238,2239
2239,2240
2247,2248
2247,2249
2247,2250
2250,2251
2242,2243
2242,2244
2242,2245
2245,2246
2252,2253
2252,2254
2252,2255
2255,2263
2256,2257
2257,2258
2259,2260
2262,2261
2260,2261
2264,2265
2265,2273
2273,2274
2266,2267
2266,2269
2267,2268
2269,2270
2270,2271
2271,2272
2275,2276
2276,2277
2277,2278
2279,2280
2279,2281
2281,2282
2283,2284
2283,2286
2284,2285
2286,2287
2287,2288
2288,2289
2290,2291
2290,2292
2291,2296
2292,2293
2292,2294
2296,2295
2294,2295
2305,2304
2304,2303
2302,2303
2297,2298
2298,2299
2299,2300
2300,2301
2306,2307
2306,2308
2308,2309
2308,2313
2309,2310
2313,2312
2310,2311
2311,2312
2314,2315
2315,2316
2324,2319
2324,2323
2317,2318
2318,2319
2319,2320
2320,2321
2321,2322
2322,2323
2325,2326
2325,2327
2326,2337
2337,2338
2338,2339
2328,2329
2329,2330
2330,2331
2333,2332
2333,2334
2334,2335
2334,2336
2347,2342
2347,2346
2340,2341
2341,2342
2342,2343
2343,2344
2344,2345
2345,2346
2348,2349
2348,2350
2349,2361
2361,2369
2351,2352
2351,2353
2353,2354
2355,2356
2356,2357
2357,2358
2358,2359
2359,2360
2362,2363
2363,2364
2364,2365
2364,2368
2365,2366
2368,2367
2366,2367
2370,2371
2372,2373
2375,2374
2376,2377
2376,2378
2377,2390
2378,2379
2390,2389
2379,2380
2379,2389
2389,2391
2381,2382
2381,2383
2383,2384
2384,2385
2386,2387
2387,2388
2392,2393
2392,2394
2394,2395
2395,2396
2397,2398
2398,2399
2400,2401
2401,2402
2401,2403
2404,2405
2404,2406
2404,2407
2405,2411
2407,2408
2411,2410
2408,2409
2408,2410
2416,2414
2416,2417
2412,2413
2413,2414
2414,2415
2418,2419
2418,2425
2419,2420
2425,2423
2420,2421
2421,2422
2421,2423
2423,2424
2426,2427
2427,2433
2433,2434
2428,2429
2428,2430
2431,2432
2435,2436
2435,2437
2441,2442
2438,2439
2438,2440
2443,2444
2443,2445
2445,2446
2455,2456
2455,2463
2463,2462
2447,2448
2448,2449
2449,2450
2451,2452
2452,2453
2453,2454
2457,2458
2457,2461
2458,2459
2461,2460
2459,2460
2464,2465
2465,2466
2467,2468
2468,2471
2469,2470
2472,2473
2472,2474
2473,2477
2474,2475
2477,2476
2475,2476
2482,2483
2482,2484
2484,2485
2478,2479
2478,2480
2480,2481
2486,2487
2486,2488
2486,2492
2488,2489
2492,2491
2489,2490
2490,2491
2490,2493
2493,2494
2493,2495
2496,2497
2497,2498
2497,2502
2498,2499
2502,2501
2499,2500
2500,2501
2503,2504
2504,2505
2505,2506
2505,2510
2506,2507
2510,2509
2510,2511
2507,2508
2508,2509
2512,2513
2512,2541
2513,2514
2541,2539
2514,2515
2515,2516
2515,2539
2516,2517
2539,2540
2518,2519
2518,2528
2519,2520
2519,2521
2528,2523
2528,2527
2521,2522
2522,2523
2523,2524
2524,2525
2525,2526
2526,2527
2534,2535
2534,2536
2534,2537
2537,2538
2529,2530
2529,2531
2529,2532
2532,2533
2542,2543
2542,2544
2543,2547
2543,2555
2544,2545
2547,2546
2545,2546
2548,2549
2549,2550
2549,2554
2550,2551
2554,2553
2551,2552
2552,2553
2556,2557
2556,2558
2557,2583
2558,2559
2583,2578
2583,2582
2559,2578
2578,2579
2579,2580
2580,2581
2581,2582
2584,2585
2584,2586
2584,2587
2587,2588
2560,2561
2561,2562
2562,2563
2562,2571
2571,2572
2564,2565
2565,2566
2565,2570
2566,2567
2570,2569
2567,2568
2568,2569
2573,2574
2573,2575
2573,2576
2576,2577
2589,2590
2590,2596
2596,2597
2591,2592
2591,2593
2594,2595
2598,2599
2600,2601
2602,2603
2604,2605
2604,2606
2605,2612
2607,2608
2608,2609
2610,2611
2613,2614
2613,2615
2616,2617
2616,2618
2617,2621
2618,2619
2621,2620
2621,2622
2619,2620
2626,2627
2623,2624
2623,2625
2628,2629
2628,2634
2629,2630
2634,2633
2634,2635
2630,2631
2630,2632
2632,2633
2636,2637
2636,2638
2637,2644
2647,2648
2647,2657
2648,2649
2639,2640
2640,2641
2641,2642
2643,2645
2645,2646
2650,2651
2651,2652
2652,2653
2654,2655
2655,2656
2658,2659
2659,2666
2666,2667
2660,2664
2661,2662
2662,2663
2665,2668
2668,2669
2670,2671
2672,2673
2674,2675
2674,2676
2677,2678
2677,2679
2678,2686
2679,2680
2679,2684
2686,2685
2686,2687
2680,2681
2684,2683
2684,2685
2681,2682
2682,2683
2688,2689
2689,2690
2690,2691
2690,2697
2691,2692
2697,2696
2697,2698
2692,2693
2692,2694
2694,2695
2694,2696
2698,2699
2698,2700
2701,2702
2702,2703
2703,2704
2704,2705
2704,2706
2707,2708
2707,2714
2708,2709
2714,2713
2714,2715
2709,2710
2709,2711
2711,2712
2711,2713
2716,2717
2717,2718
2717,2727
2718,2719
2718,2720
2727,2722
2727,2726
2720,2721
2721,2722
2722,2723
2723,2724
2724,2725
2725,2726
2728,2729
2729,2735
2735,2736
2730,2731
2731,2732
2733,2734
2737,2738
2738,2742
2739,2740
2741,2743
2744,2746
2746,2747
2746,2748
2748,2749
2745,2751
2745,2761
2751,2750
2752,2753
2753,2760
2760,2759
2754,2755
2755,2756
2755,2757
2757,2758
2762,2763
2762,2764
2764,2765
2765,2766
2765,2767
2767,2768
2780,2781
2780,2785
2781,2782
2785,2784
2782,2783
2783,2784
2774,2769
2774,2773
2769,2770
2770,2771
2771,2772
2772,2773
2775,2776
2775,2777
2775,2778
2778,2779
2786,2787
2786,2788
2786,2789
2789,2790
2791,2792
2791,2798
2798,2797
2793,2794
2794,2795
2795,2796
2799,2800
2799,2805
2800,2801
2805,2804
2801,2802
2802,2803
2802,2804
2806,2807
2806,2808
2807,2811
2808,2809
2811,2810
2809,2810
2812,2813
2812,2814
2814,2815
2814,2816
2817,2818
2821,2820
2818,2819
2819,2820
2822,2823
2822,2824
2822,2826
2824,2825
2827,2828
2827,2829
2829,2830
2829,2831
2832,2833
2833,2834
2834,2835
2835,2836
2838,2837
2839,2840
2841,2842
2843,2844
2845,2846
2845,2847
2846,2850
2847,2848
2850,2849
2848,2849
2851,2852
2852,2853
2854,2855
2854,2856
2857,2858
2857,2859
2860,2861
2861,2862
2862,2863
2873,2875
2873,2874
2875,2876
2875,2877
2864,2865
2866,2867
2866,2872
2867,2868
2872,2870
2868,2869
2868,2870
2870,2871
2878,2879
2878,2892
2892,2893
2892,2894
2880,2881
2880,2882
2882,2883
2891,2886
2891,2889
2886,2887
2887,2888
2888,2889
2889,2890
2884,2885
2895,2896
2897,2898
2897,2899
2900,2901
2900,2902
2902,2903
2904,2905
2906,2907
2908,2909
2908,2910
2910,2911
2912,2913
2912,2914
2912,2915
2916,2917
2917,2924
2924,2925
2918,2919
2918,2920
2920,2921
2931,2933
2931,2932
2933,2934
2922,2923
2922,2935
2935,2936
2926,2927
2926,2928
2928,2929
2928,2930
2937,2938
2938,2939
2940,2941
2940,2946
2941,2942
2946,2945
2942,2943
2943,2944
2943,2945
2947,2948
2947,2953
2948,2949
2953,2952
2949,2950
2950,2951
2950,2952
2954,2956
2956,2957
2955,2960
2958,2959
2961,2962
2961,2963
2964,2965
2964,2966
2966,2967
2972,2971
2968,2969
2968,2971
2969,2970
2973,2974
2973,2980
2974,2975
2980,2979
2975,2976
2976,2977
2976,2979
2977,2978
2981,2982
2981,2983
2981,2984
2985,2986
2985,2987
2986,2988
2988,2989
2993,2994
2990,2991
2991,2992
2995,2996
2996,2997
2997,2998
2999,3000
2999,3006
3001,3002
3002,3003
3003,3004
3004,3005
3007,3008
3007,3009
3010,3011
3010,3016
3011,3012
3016,3015
3012,3013
3013,3014
3013,3015
3017,3018
3017,3019
3018,3022
3019,3020
3022,3021
3020,3021
3037,3038
3037,3039
3033,3034
3033,3035
3033,3036
3030,3031
3030,3032
3023,3024
3023,3027
3024,3025
3027,3028
3025,3026
3028,3029
3040,3041
3040,3042
3040,3044
3042,3043
3044,3045
3046,3047
3047,3048
3048,3049
3050,3051
3050,3057
3057,3058
3052,3053
3052,3054
3054,3055
3054,3056
3059,3060
3060,3066
3066,3067
3061,3062
3061,3064
3062,3063
3065,3068
3068,3069
3070,3071
3070,3072
3072,3073
3084,3085
3084,3098
3085,3086
3098,3087
3098,3090
3086,3087
3087,3088
3088,3089
3089,3090
3090,3091
3074,3075
3074,3080
3080,3081
3080,3082
3080,3083
3076,3077
3076,3078
3078,3079
3092,3093
3092,3094
3094,3095
3094,3096
3096,3097
3099,3100
3100,3101
3101,3102
3103,3104
3105,3106
3105,3107
3108,3109
3108,3110
3111,3112
3111,3113
3114,3115
3116,3117
3116,3118
3118,3119
3120,3121
3122,3123
3126,3127
3124,3125
3128,3129
3128,3130
3129,3134
3130,3131
3130,3132
3134,3133
3134,3135
3132,3133
3139,3138
3139,3140
3136,3137
3137,3138
3140,3141
3147,3142
3147,3146
3142,3143
3142,3144
3144,3145
3145,3146
3148,3149
3148,3150
3150,3151
3151,3152
3152,3153
3152,3154
3155,3157
3155,3158
3156,3159
3159,3164
3164,3163
3160,3161
3161,3162
3165,3166
3165,3167
3167,3168
3169,3170
3170,3171
3172,3173
3173,3174
3176,3175
3177,3178
3178,3179
3180,3181
3186,3185
3182,3183
3183,3184
3187,3188
3187,3189
3187,3193
3189,3190
3193,3192
3193,3194
3190,3191
3191,3192
3209,3210
3209,3230
3210,3211
3230,3228
3211,3212
3212,3213
3212,3228
3228,3229
3195,3196
3196,3197
3196,3200
3197,3198
3197,3199
3200,3201
3202,3203
3203,3204
3203,3208
3204,3205
3208,3207
3205,3206
3206,3207
3214,3215
3215,3216
3215,3219
3216,3217
3216,3218
3219,3220
3221,3222
3222,3223
3222,3227
3223,3224
3227,3226
3224,3225
3225,3226
3231,3232
3232,3233
3233,3234
3233,3238
3234,3235
3238,3237
3235,3236
3236,3237
3242,3241
3239,3240
3239,3241
3252,3251
3252,3253
3253,3254
3243,3244
3243,3250
3244,3245
3250,3249
3245,3246
3246,3247
3246,3248
3246,3249
3255,3256
3256,3257
3258,3263
3263,3262
3259,3260
3260,3261
3264,3265
3264,3271
3271,3270
3266,3267
3267,3268
3268,3269
3272,3273
3272,3278
3273,3274
3278,3277
3274,3275
3275,3276
3275,3277
3279,3280
3280,3281
3282,3283
3282,3289
3283,3284
3285,3286
3286,3287
3287,3288
3290,3291
3291,3292
3293,3294
3294,3295
3300,3301
3300,3306
3301,3302
3306,3305
3302,3303
3303,3304
3303,3305
3296,3297
3297,3298
3298,3299
3307,3308
3307,3309
3310,3317
3317,3315
3315,3316
3311,3312
3312,3313
3313,3314
3318,3319
3319,3325
3325,3326
3320,3321
3320,3322
3322,3323
3323,3324
3327,3328
3327,3332
3328,3329
3332,3331
3329,3330
3330,3331
3333,3334
3333,3335
3336,3338
3338,3339
3339,3340
3337,3345
3345,3346
3346,3347
3346,3348
3341,3342
3342,3343
3343,3344
3349,3350
3350,3351
3350,3352
3353,3354
3354,3355
3355,3356
3355,3360
3356,3357
3360,3359
3357,3358
3358,3359
3364,3365
3364,3369
3365,3366
3369,3368
3366,3367
3367,3368
3361,3362
3361,3363
3370,3371
3370,3372
3373,3374
3373,3375
3380,3379
3380,3381
3378,3379
3376,3377
3382,3383
3384,3385
3387,3386
3387,3388
3388,3389
3390,3391
3390,3392
3390,3396
3392,3393
3396,3395
3393,3394
3394,3395
3400,3401
3400,3405
3401,3402
3405,3404
3402,3403
3403,3404
3397,3398
3397,3399
3406,3407
3406,3408
3409,3410
3409,3411
3411,3412
3418,3416
3418,3419
3416,3417
3420,3421
3421,3422
3421,3423
3423,3424
3423,3425
3413,3414
3413,3415
3428,3426
3428,3429
3426,3427
3430,3431
3431,3432
3432,3433
3441,3439
3441,3442
3439,3440
3442,3443
3434,3435
3434,3436
3436,3437
3437,3438
3444,3445
3445,3446
3446,3447
3448,3449
3450,3451
3452,3453
3452,3454
3455,3456
3456,3463
3463,3464
3463,3465
3457,3458
3457,3459
3459,3460
3459,3461
3461,3462
3467,3466
3467,3468
3466,3470
3470,3469
3468,3469
3473,3471
3473,3472
3471,3472
3474,3475
3474,3476
3476,3477
3486,3487
3487,3488
3488,3489
3488,3490
3490,3491
3481,3482
3482,3483
3482,3484
3484,3485
3478,3479
3478,3480
3492,3493
3493,3494
3493,3495
3495,3496
3497,3498
3498,3499
3499,3500
3507,3505
3507,3508
3505,3506
3501,3502
3501,3503
3503,3504
3509,3510
3509,3511
3509,3512
3518,3516
3516,3517
3513,3514
3513,3515
3519,3520
3519,3529
3529,3530
3521,3522
3521,3523
3531,3532
3531,3533
3531,3534
3524,3525
3528,3527
3525,3526
3526,3527
3535,3536
3535,3537
3536,3544
3537,3542
3544,3543
3542,3543
3538,3539
3539,3540
3540,3541
3552,3553
3552,3554
3545,3546
3546,3547
3547,3548
3549,3550
3550,3551
3555,3556
3555,3557
3556,3562
3557,3558
3557,3560
3562,3561
3558,3559
3560,3561
3565,3564
3563,3564
3563,3573
3564,3566
3573,3572
3566,3567
3566,3571
3571,3572
3568,3569
3568,3594
3569,3570
3569,3574
3594,3591
3574,3575
3575,3576
3575,3591
3591,3592
3592,3593
3577,3578
3577,3579
3579,3580
3579,3590
3590,3587
3587,3588
3588,3589
3581,3582
3581,3584
3582,3583
3584,3585
3585,3586
3595,3596
3595,3597
3597,3598
3599,3601
3601,3602
3601,3603
3603,3604
3604,3605
3600,3606
3600,3613
3613,3614
3607,3608
3607,3609
3607,3611
3609,3610
3611,3612
3615,3616
3616,3617
3618,3619
3619,3620
3620,3621
3620,3622
3622,3623
3626,3625
3626,3627
3624,3625
3624,3631
3631,3627
3632,3634
3632,3633
3634,3635
3634,3636
3630,3628
3630,3629
3628,3629
3637,3638
3637,3639
3639,3640
3650,3651
3650,3652
3641,3642
3645,3644
3642,3643
3643,3644
3646,3647
3646,3648
3646,3649
3653,3654
3654,3655
3655,3656
3656,3657
3656,3658
3659,3660
3659,3668
3660,3661
3668,3667
3661,3662
3662,3667
3663,3664
3664,3665
3665,3666
3669,3670
3669,3671
3672,3673
3674,3675
3674,3676
3676,3677
3678,3679
3678,3680
3678,3684
3680,3681
3684,3683
3681,3682
3682,3683
3685,3686
3685,3692
3686,3687
3692,3691
3687,3688
3688,3691
3689,3690
3693,3694
3693,3695
3694,3698
3695,3696
3698,3697
3696,3697
3699,3700
3700,3701
3701,3702
3703,3704
3703,3705
3705,3710
3710,3711
3706,3707
3707,3708
3708,3709
3712,3713
3713,3714
3714,3715
3716,3717
3718,3719
3718,3723
3719,3720
3723,3722
3720,3721
3721,3722
3724,3725
3724,3726
3726,3733
3733,3734
3734,3735
3743,3736
3743,3741
3736,3737
3737,3738
3737,3739
3739,3740
3740,3741
3741,3742
3727,3728
3727,3729
3729,3730
3730,3731
3731,3732
3744,3745
3745,3746
3745,3747
3747,3748
3755,3753
3755,3756
3753,3754
3749,3750
3749,3751
3751,3752
3757,3758
3758,3765
3765,3766
3765,3767
3759,3760
3759,3761
3761,3762
3761,3763
3763,3764
3769,3768
3769,3770
3768,3772
3772,3771
3770,3771
3775,3773
3775,3774
3773,3774
3776,3777
3777,3778
3779,3780
3779,3785
3780,3781
3785,3784
3781,3782
3782,3783
3782,3784
3786,3787
3786,3792
3787,3788
3792,3791
3788,3789
3789,3790
3789,3791
3793,3795
3793,3796
3794,3801
3797,3798
3797,3799
3799,3800
3802,3803
3802,3804
3805,3807
3807,3808
3807,3809
3809,3810
3810,3811
3806,3812
3806,3819
3819,3820
3813,3814
3813,3815
3813,3817
3815,3816
3817,3818
3821,3822
3822,3823
3824,3825
3824,3826
3827,3828
3827,3843
3828,3829
3828,3830
3843,3832
3830,3831
3831,3832
3833,3834
3833,3835
3835,3836
3836,3837
3837,3838
3840,3839
3840,3841
3841,3842
3844,3845
3846,3847
3848,3849
3850,3851
3850,3852
3853,3854
3854,3855
3855,3856
3861,3862
3862,3863
3863,3864
3863,3865
3865,3866
3867,3868
3868,3869
3869,3870
3869,3871
3871,3872
3857,3858
3857,3859
3859,3860
3873,3874
3874,3875
3875,3876
3882,3880
3882,3883
3880,3881
3877,3878
3877,3879
3884,3885
3889,3888
3885,3886
3886,3887
3886,3888
3890,3891
3890,3892
3893,3894
3893,3900
3894,3895
3900,3898
3895,3896
3895,3897
3897,3898
3898,3899
3901,3902
3901,3908
3902,3903
3908,3906
3903,3904
3903,3905
3905,3906
3906,3907
3909,3910
3911,3912
3911,3916
3912,3913
3916,3915
3913,3914
3914,3915
3917,3918
3917,3922
3918,3919
3922,3921
3919,3920
3920,3921
3923,3924
3923,3928
3924,3925
3928,3927
3925,3926
3926,3927
3929,3930
3929,3931
3929,3935
3931,3932
3935,3934
3932,3933
3933,3934
3936,3937
3937,3938
3938,3939
3940,3941
3940,3942
3943,3944
3944,3945
3944,3949
3945,3946
3949,3948
3946,3947
3947,3948
3950,3951
3950,3952
3952,3953
3957,3958
3954,3955
3955,3956
3959,3960
3960,3961
3962,3963
3963,3964
3963,3969
3964,3965
3964,3966
3969,3968
3966,3967
3966,3968
3970,3971
3970,3976
3971,3972
3976,3975
3972,3973
3973,3974
3973,3975
3977,3978
3977,3979
3977,3980
3980,3981
3982,3983
3983,3991
3991,3990
3984,3985
3985,3986
3987,3988
3988,3989
3992,3993
3992,3994
3995,3996
3997,3998
3999,4000
4001,4002
4002,4011
4011,4010
4003,4004
4003,4005
4006,4007
4007,4008
4008,4009
4012,4013
4014,4015
4016,4017
4018,4019
4019,4020
4021,4022
4023,4025
4023,4035
4025,4026
4024,4031
4031,4032
4032,4033
4032,4034
4027,4028
4028,4029
4029,4030
4036,4037
4036,4038
4039,4040
4041,4042
4041,4043
4044,4045
4044,4046
4047,4049
4049,4050
4049,4051
4051,4052
4052,4053
4048,4054
4048,4061
4061,4062
4055,4056
4055,4057
4055,4059
4057,4058
4059,4060
4063,4064
4064,4065
4066,4067
4066,4068
4069,4070
4070,4071
4075,4076
4076,4077
4076,4078
4072,4073
4072,4074
4079,4080
4079,4081
4081,4082
4081,4086
4082,4083
4086,4085
4083,4084
4084,4085
4102,4101
4099,4100
4100,4101
4087,4088
4087,4103
4088,4089
4103,4104
4089,4090
4090,4104
4091,4092
4091,4093
4093,4094
4093,4098
4094,4095
4098,4097
4095,4096
4096,4097
4105,4106
4105,4107
4112,4111
4111,4113
4113,4114
4113,4115
4116,4117
4116,4118
4118,4119
4119,4120
4108,4109
4108,4110
4121,4122
4122,4123
4124,4125
4125,4126
4125,4127
4127,4128
4129,4130
4130,4131
4132,4133
4132,4134
4134,4135
4136,4137
4138,4139
4138,4140
4141,4142
4143,4144
4143,4145
4143,4146
4147,4149
4149,4154
4154,4155
4148,4156
4156,4157
4150,4151
4151,4152
4152,4153
4158,4159
4158,4160
4161,4162
4161,4163
4163,4164
4166,4167
4165,4168
4168,4169
4170,4171
4172,4173
4174,4175
4174,4176
4176,4177
4181,4182
4178,4179
4178,4180
4183,4184
4184,4191
4191,4192
4185,4186
4186,4187
4188,4189
4188,4190
4193,4194
4193,4195
4196,4197
4197,4198
4199,4200
4201,4202
4201,4203
4204,4205
4206,4207
4209,4208
4210,4211
4212,4213
4213,4214
4215,4216
4216,4217
4218,4219
4218,4220
4218,4224
4220,4221
4224,4223
4221,4222
4222,4223
4225,4226
4225,4231
4226,4227
4231,4230
4227,4228
4228,4229
4228,4230
4232,4233
4234,4235
4236,4237
4238,4239
4240,4241
4242,4243
4244,4245
4246,4247
4248,4249
4251,4250
4252,4253
4252,4254
4252,4259
4254,4255
4259,4258
4255,4256
4256,4257
4256,4258
4260,4261
4260,4266
4261,4262
4266,4265
4262,4263
4263,4264
4263,4265
4267,4268
4267,4273
4268,4269
4273,4272
4269,4270
4270,4271
4270,4272
4274,4275
4275,4280
4276,4277
4277,4278
4278,4279
4281,4282
4282,4283
4285,4284
4285,4286
4286,4287
4288,4289
4289,4290
4290,4291
4292,4293
4292,4294
4308,4307
4305,4306
4305,4307
4295,4296
4299,4298
4296,4297
4297,4298
4300,4301
4300,4302
4302,4303
4303,4304
4309,4310
4309,4311
4311,4312
4320,4319
4317,4318
4318,4319
4313,4314
4314,4315
4315,4316
4321,4322
4322,4323
4324,4325
4329,4330
4326,4327
4326,4328
4331,4332
4331,4333
4331,4337
4333,4334
4337,4336
4334,4335
4334,4336
4338,4339
4338,4343
4339,4340
4343,4342
4340,4341
4341,4342
4344,4346
4344,4347
4345,4348
4349,4350
4350,4351
4353,4352
4354,4355
4354,4356
4356,4357
4358,4359
4359,4360
4360,4361
4361,4362
4369,4367
4367,4368
4363,4364
4364,4365
4364,4366
4370,4371
4370,4372
4371,4374
4372,4373
4374,4373
4373,4375
4381,4382
4381,4383
4376,4377
4376,4378
4378,4379
4379,4380
4384,4385
4384,4386
4386,4387
4391,4392
4388,4389
4388,4390
4393,4394
4394,4395
4394,4396
4397,4398
4397,4403
4403,4404
4399,4400
4399,4401
4401,4402
4405,4406
4405,4407
4405,4408
4409,4410
4410,4411
4410,4412
4412,4413
4414,4415
4415,4416
4417,4418
4417,4419
4419,4420
4419,4421
4422,4423
4422,4424
4425,4430
4426,4427
4427,4428
4428,4429
4431,4432
4431,4433
4431,4434
4434,4435
4439,4438
4439,4440
4436,4437
4436,4441
4441,4442
4441,4443
4444,4445
4446,4447
4448,4450
4449,4458
4458,4459
4458,4463
4459,4460
4463,4462
4460,4461
4461,4462
4451,4452
4452,4453
4452,4457
4453,4454
4457,4456
4454,4455
4455,4456
4464,4465
4466,4467
4466,4468
4467,4468
4469,4470
4469,4471
4470,4471
4472,4473
4472,4474
4473,4474
4475,4476
4476,4491
4491,4492
4492,4493
4493,4494
4477,4478
4478,4479
4478,4483
4479,4480
4483,4482
4480,4481
4481,4482
4484,4485
4484,4488
4485,4486
4488,4489
4486,4487
4489,4490
4508,4495
4508,4507
4508,4509
4495,4496
4496,4505
4505,4506
4506,4507
4497,4498
4498,4499
4499,4500
4499,4504
4500,4501
4504,4503
4501,4502
4502,4503
4510,4511
4511,4512
4511,4513
4513,4514
4514,4515
4514,4519
4515,4516
4519,4518
4516,4517
4517,4518
4520,4521
4520,4524
4521,4522
4524,4525
4522,4523
4525,4526
4527,4528
4527,4529
4530,4531
4531,4532
4533,4534
4534,4535
4535,4536
4537,4538
4537,4539
4538,4542
4539,4540
4542,4541
4540,4541
4546,4547
4546,4548
4546,4549
4549,4550
4550,4551
4543,4544
4543,4545
4552,4553
4553,4554
4553,4558
4554,4555
4558,4557
4555,4556
4556,4557
4559,4560
4561,4562
4565,4566
4563,4564
4567,4568
4568,4569
4568,4570
4570,4571
4571,4572
4581,4582
4581,4587
4582,4583
4587,4586
4583,4584
4584,4585
4584,4586
4573,4574
4574,4575
4574,4580
4575,4576
4580,4579
4576,4577
4577,4578
4578,4579
4588,4589
4588,4590
4590,4591
4590,4592
4591,4592
4593,4594
4593,4598
4594,4595
4598,4597
4595,4596
4596,4597
4599,4600
4600,4601
4601,4602
4601,4603
4602,4603
4604,4605
4604,4606
4604,4608
4606,4607
4608,4609
4610,4611
4611,4612
4611,4616
4612,4613
4616,4615
4613,4614
4614,4615
4617,4618
4617,4619
4620,4621
4622,4623
4624,4625
4625,4626
4627,4628
4628,4629
4630,4631
4631,4632
4632,4633
4639,4640
4639,4646
4640,4641
4646,4645
4641,4642
4642,4645
4638,4637
4634,4635
4634,4637
4635,4636
4643,4644
4647,4648
4647,4649
4649,4650
4657,4656
4656,4654
4654,4655
4651,4652
4651,4653
4658,4659
4658,4660
4661,4662
4661,4663
4661,4664
4665,4666
4667,4668
4671,4672
4669,4670
4673,4674
4673,4675
4676,4677
4677,4678
4681,4679
4681,4682
4679,4680
4683,4684
4683,4685
4691,4692
4691,4696
4692,4693
4696,4695
4693,4694
4694,4695
4686,4687
4690,4689
4687,4688
4688,4689
4697,4698
4698,4699
4698,4700
4701,4702
4702,4703
4705,4704
4706,4707
4706,4708
4709,4710
4709,4711
4711,4712
4716,4717
4713,4714
4713,4715
4718,4719
4718,4720
4721,4722
4721,4723
4726,4724
4726,4727
4724,4725
4728,4729
4729,4730
4729,4731
4732,4733
4732,4734
4735,4736
4736,4737
4744,4739
4744,4743
4738,4739
4740,4741
4741,4742
4745,4746
4746,4747
4746,4748
4749,4750
4749,4751
4749,4752
4753,4754
4754,4755
4756,4757
4758,4759
4758,4760
4761,4762
4763,4764
4763,4765
4770,4769
4770,4771
4768,4769
4766,4767
4772,4773
4774,4775
4776,4777
4777,4778
4779,4780
4780,4781
4788,4786
4788,4789
4786,4787
4782,4783
4782,4784
4784,4785
4790,4791
4790,4792
4791,4796
4793,4794
4793,4795
4797,4798
4798,4799
4799,4800
4802,4801
4803,4804
4803,4805
4803,4826
4805,4806
4826,4825
4826,4827
4806,4807
4807,4808
4807,4825
4808,4809
4809,4810
4827,4828
4830,4829
4830,4831
4829,4838
4838,4833
4838,4837
4831,4832
4832,4833
4833,4834
4833,4835
4835,4836
4836,4837
4811,4812
4812,4813
4812,4817
4813,4814
4817,4816
4814,4815
4815,4816
4818,4819
4818,4822
4819,4820
4822,4823
4820,4821
4823,4824
4839,4840
4839,4841
4841,4842
4842,4843
4843,4844
4844,4845
4844,4846
4847,4848
4847,4849
4849,4850
4853,4852
4853,4854
4851,4852
4855,4856
4855,4857
4858,4859
4858,4860
4859,4863
4860,4861
4863,4862
4861,4862
4867,4866
4864,4865
4865,4866
4868,4869
4869,4870
4870,4871
4872,4873
4872,4874
4873,4875
4875,4876
4877,4878
4877,4879
4879,4880
4881,4882
4883,4884
4883,4886
4884,4885
4886,4887
4888,4889
4888,4890
4895,4894
4895,4896
4893,4894
4891,4892
4897,4898
4897,4899
4900,4901
4900,4905
4901,4902
4905,4904
4902,4903
4903,4904
4906,4907
4906,4911
4907,4908
4911,4910
4908,4909
4909,4910
4912,4913
4914,4915
