1
2
4
4
5
5
7
8
8
10
10
16
16
16
16
17
17
17
17
18
18
19
19
19
60
61
83
83
83
84
84
86
86
87
87
88
89
92
92
93
94
94
94
94
94
95
96
96
97
97
97
98
99
99
100
100
102
103
103
103
104
104
104
104
104
105
105
105
105
105
106
106
107
107
107
108
108
108
109
109
110
111
111
112
113
113
114
116
116
117
117
118
118
119
120
121
121
122
122
122
122
122
122
122
122
122
122
122
123
123
123
123
123
123
123
123
123
123
124
124
124
124
124
124
124
124
124
125
125
126
126
126
127
128
128
130
130
131
131
132
132
133
133
134
134
135
137
137
137
137
137
137
137
137
137
137
137
138
138
138
138
138
138
138
138
138
138
139
139
140
140
141
141
142
143
143
144
144
145
145
146
146
147
149
150
150
151
152
152
153
153
154
154
155
157
157
157
157
158
158
159
159
160
160
161
161
162
162
163
163
163
163
163
163
163
163
163
163
163
163
163
163
163
164
164
165
165
165
165
165
165
165
165
165
165
165
165
167
167
168
168
169
169
170
171
172
173
173
173
173
174
174
175
175
176
176
178
178
179
180
180
181
181
181
182
182
182
183
183
184
185
185
186
186
188
189
189
190
191
191
191
191
191
192
192
192
192
192
194
195
196
196
196
197
198
199
199
199
200
201
201
202
202
203
204
206
206
207
207
207
207
208
208
208
208
209
209
210
210
211
211
211
212
212
213
213
214
214
215
215
215
216
216
216
219
219
220
220
221
221
222
223
223
223
223
223
223
225
225
225
226
226
227
227
227
228
228
228
229
229
230
230
230
231
231
232
232
232
233
233
233
234
234
235
235
235
236
236
237
237
238
238
238
239
239
240
240
241
241
241
242
242
243
243
243
243
244
245
246
247
248
248
249
250
250
251
255
257
257
258
258
259
259
261
261
261
261
261
262
262
262
262
262
263
263
263
263
263
264
275
275
276
276
276
276
277
277
277
277
281
281
281
281
282
282
282
282
283
285
285
286
287
287
287
287
287
288
289
289
290
290
291
291
291
292
292
293
293
293
293
294
294
294
294
295
295
295
295
296
296
297
297
298
298
299
299
303
303
303
304
304
304
305
306
306
307
307
308
308
309
310
310
310
310
311
311
312
312
313
313
313
313
313
313
313
313
313
313
313
314
314
315
315
315
316
316
316
317
317
317
318
318
319
319
319
319
320
320
320
320
321
321
321
321
322
322
322
322
323
323
323
323
324
325
325
325
325
325
326
326
327
327
328
328
329
329
329
329
329
330
330
331
331
332
333
335
335
336
336
336
337
337
338
340
340
341
342
342
343
343
344
345
345
345
347
347
348
348
348
350
352
352
353
353
353
354
354
355
355
356
356
357
357
358
358
359
360
360
361
361
363
363
364
364
364
365
365
366
366
366
366
366
367
367
367
367
370
370
370
370
370
370
370
370
370
370
370
370
371
371
371
372
372
373
373
373
373
374
374
374
374
375
375
375
375
376
376
376
376
376
376
376
376
376
376
376
376
378
378
380
381
381
382
382
383
384
389
389
389
389
390
391
391
393
393
394
394
396
397
398
398
398
399
399
400
400
401
401
403
403
403
404
404
405
405
406
406
406
406
406
406
407
407
408
408
409
409
409
411
411
411
412
412
413
413
416
416
417
417
418
418
418
418
418
418
418
418
418
419
419
420
421
421
422
422
423
423
424
425
425
426
426
427
427
427
428
428
429
429
429
429
430
431
431
432
432
432
433
433
433
433
433
433
433
433
434
434
435
435
437
437
439
439
441
441
442
442
443
443
444
444
444
444
445
445
446
446
446
447
447
447
447
448
449
449
450
450
451
451
452
452
